
928
560
978
101
813
326
139
74
700
514
0
2
10
2
85
268
201
121
50
15
540
601
22
261
973
597
585
645
652
705
733
603
566
566
85
505
475
439
280
551
120
741
715
735
734
902
676
771
955
424
659
671
649
670
621
629
690
273
374
588
168
627
738
641
565
576
802
466
579
534
530
549
207
994
33
82
556
909
483
235
510
512
72
490
532
443
486
458
990
923
482
904
480
790
449
869
787
739
734
759
756
214
768
751
418
443
691
558
792
381
400
724
736
368
264
271
338
347
889
216
941
920
862
835
952
804
380
878
700
993
151
118
618
577
786
900
981
654
117
745
933
598
237
782
418
402
893
468
229
735
315
635
423
443
726
707
881
904
315
409
798
657
484
925
798
866
507
187
855
696
499
481
1002
697
712
552
652
963
858
188
631
808
252
842
542
912
414
424
100
748
658
917
663
659
976
98
106
915
684
232
733
503
1019
396
658
977
668
718
546
638
939
811
371
853
311
929
922
208
927
554
147
611
675
366
776
280
276
919
372
170
337
417
622
799
766
879
237
743
346
763
804
684
1022
468
441
976
692
90
563
586
891
328
756
406
918
358
726
142
981
714
1010
614
651
728
135
825
876
520
338
533
644
189
838
971
420
729
457
461
333
339
931
514
1010
654
808
354
838
518
261
525
340
150
693
393
650
181
579
991
367
576
715
944
684
490
148
507
368
909
166
525
763
176
780
705
864
429
763
820
986
335
853
631
850
912
140
627
811
288
687
421
918
431
528
755
888
610
759
486
856
522
540
926
1018
287
699
879
948
178
359
840
303
999
433
833
927
974
507
527
623
829
72
956
556
807
840
594
1
257
478
1015
790
420
66
912
827
641
682
433
307
926
502
370
908
299
822
280
775
413
923
419
682
505
353
740
886
733
500
194
544
857
381
718
990
813
670
630
748
976
519
383
284
470
426
728
950
882
850
572
378
592
219
476
783
855
455
934
813
154
297
812
620
1009
222
1008
800
472
1010
969
296
1012
116
675
564
802
750
628
893
221
664
779
367
227
873
895
748
491
846
798
614
931
898
967
877
166
601
592
913
815
846
357
784
936
574
886
919
708
989
852
538
658
223
1009
930
499
281
750
849
694
848
313
660
968
712
365
646
554
881
98
28
695
626
481
498
842
673
631
865
293
854
808
984
186
365
920
168
1003
592
616
520
367
207
785
631
242
802
896
687
336
814
783
179
704
735
363
313
550
663
643
983
941
637
767
959
375
696
842
84
388
963
212
785
778
500
856
291
299
478
506
263
143
287
892
354
579
988
504
948
757
581
691
593
988
661
898
741
901
498
411
585
509
976
343
476
454
772
620
765
514
1015
766
319
940
801
808
865
893
617
411
607
286
834
562
843
664
247
378
522
697
680
419
694
679
189
897
263
705
812
982
287
941
635
948
187
807
835
505
661
721
1003
274
115
584
803
824
798
214
587
449
621
527
765
256
954
644
404
336
567
1000
31
736
987
459
522
889
912
646
719
597
623
932
169
907
336
377
503
650
694
449
892
638
682
704
729
274
789
262
291
430
384
962
796
1006
642
565
304
331
870
88
564
140
382
754
98
870
46
442
410
484
208
663
1009
460
626
705
385
646
809
789
746
478
549
637
930
1012
618
505
892
767
571
602
423
976
50
348
428
165
953
872
546
165
399
431
977
414
1003
701
991
1008
523
633
1017
753
513
420
377
646
271
805
633
357
842
883
714
261
369
10
695
251
974
777
550
841
737
795
1014
294
979
680
912
910
661
23
822
467
466
452
934
444
617
901
805
199
986
559
712
487
961
594
449
622
173
734
206
675
799
788
940
961
602
748
323
752
628
595
933
856
615
990
641
393
815
1022
656
782
201
201
222
395
935
462
575
119
17
560
449
963
690
881
262
1011
797
302
473
770
980
546
780
529
758
762
924
489
199
679
811
715
602
678
966
1009
682
689
612
649
406
316
916
595
906
154
908
723
302
754
167
859
977
847
849
826
528
805
983
292
995
738
331
866
764
435
1014
265
645
163
725
281
998
890
878
915
516
459
201
63
48
970
652
408
956
389
635
750
759
639
478
798
1
856
817
675
703
775
549
338
865
952
413
786
997
876
555
487
956
759
806
302
727
571
117
626
788
492
227
735
297
140
96
338
621
1
315
135
18
157
6
35
488
1022
440
327
354
340
464
811
449
392
697
503
502
703
317
525
434
691
74
778
913
902
354
331
690
1023
724
910
824
288
582
700
261
319
940
548
774
419
1009
628
731
514
837
970
526
708
738
231
898
827
509
829
581
390
355
984
234
518
327
685
371
304
630
659
524
396
708
382
590
867
925
465
870
988
558
762
866
491
555
740
465
555
475
808
642
799
711
611
648
935
721
614
710
157
307
1
209
733
530
571
351
755
691
369
759
999
791
900
716
370
340
752
862
1
121
898
642
1014
554
800
425
480
757
745
349
262
473
399
69
44
51
569
794
756
135
476
828
527
508
922
694
568
738
170
18
644
115
259
364
125
186
671
866
706
808
744
419
626
899
596
914
465
602
985
704
948
992
586
1009
318
690
399
678
630
607
127
657
919
989
348
722
828
663
220
773
436
781
861
523
409
844
679
120
22
920
745
674
471
869
532
607
346
723
153
835
694
811
294
74
16
512
601
939
990
437
745
1023
246
413
145
989
906
681
450
947
428
57
49
990
724
827
698
505
765
453
359
501
419
821
926
855
893
1012
837
934
404
709
838
814
1
1016
1014
585
574
979
175
1016
962
758
286
682
648
484
465
909
152
669
887
963
877
307
798
956
710
629
576
608
238
629
211
577
736
775
939
251
813
517
922
194
865
755
903
1006
391
406
423
976
611
920
540
857
749
751
916
1020
987
1001
629
740
651
713
1
781
125
560
207
678
203
577
635
895
965
804
1004
923
876
263
426
848
650
865
791
622
585
1011
938
129
877
771
558
335
958
961
996
647
597
301
514
555
503
671
181
15
484
545
859
499
945
810
520
925
161
172
50
73
823
807
925
771
453
694
653
645
824
496
173
16
460
388
893
414
841
828
317
547
641
612
523
60
654
1004
306
690
707
672
317
504
593
482
961
184
688
370
505
658
969
874
924
418
980
1015
327
644
434
927
314
917
796
642
341
734
416
593
555
501
995
650
937
909
843
975
863
230
1005
543
951
201
679
788
1014
645
924
710
279
539
390
915
444
231
18
669
819
0
757
866
519
988
696
965
531
861
816
810
664
659
943
553
270
822
686
371
390
648
283
652
604
998
267
79
11
1002
903
944
798
626
189
488
769
1003
625
760
816
700
659
877
906
469
240
323
36
856
609
188
934
456
456
438
623
867
260
861
668
822
539
619
668
687
753
698
582
891
208
382
691
712
339
225
948
430
964
404
757
151
589
696
470
332
290
994
611
922
718
227
846
735
793
403
1000
1005
559
496
613
1019
661
747
966
650
744
405
86
92
689
651
568
715
420
359
973
986
648
766
905
772
964
1019
509
693
584
491
906
996
312
712
948
780
1007
955
581
563
932
755
660
939
759
634
769
242
814
938
717
948
325
182
571
942
757
469
743
1014
549
426
807
986
843
874
904
584
456
741
451
529
933
501
596
974
751
985
699
432
805
684
224
293
359
320
979
629
825
872
337
589
429
912
620
987
969
483
286
584
968
926
814
748
744
483
71
55
447
277
874
665
441
812
822
853
368
796
330
485
757
372
1017
471
822
235
18
3
591
793
399
1019
283
908
637
744
965
74
951
131
1009
843
446
296
339
541
360
886
469
914
998
900
579
118
120
614
871
793
487
794
492
409
643
340
713
746
584
182
887
718
828
991
507
686
473
967
774
748
502
600
967
667
580
219
616
627
833
392
371
630
777
879
961
284
529
810
525
965
535
596
970
239
548
950
777
789
828
876
939
987
614
939
957
180
313
1014
964
508
504
951
238
238
445
974
962
182
910
533
501
921
996
690
484
692
229
149
259
473
994
293
156
180
171
796
913
206
52
305
179
639
813
88
36
19
322
939
755
10
27
46
54
117
960
984
792
195
959
353
318
746
325
820
925
884
206
801
681
914
689
733
142
147
49
253
861
476
866
346
877
744
858
949
991
726
404
129
17
5
701
760
728
772
923
389
547
842
384
878
975
605
543
628
897
910
948
642
681
889
626
708
421
529
602
877
728
189
639
980
873
725
166
346
216
19
39
882
838
707
195
709
730
551
642
614
184
794
842
793
824
324
245
1021
730
687
348
840
771
539
696
388
485
296
438
994
968
626
233
424
58
893
149
625
73
133
597
455
539
1007
881
885
437
774
922
813
693
589
525
409
929
980
116
591
600
532
9
359
715
524
929
106
429
885
858
665
382
602
610
221
940
485
120
74
899
599
916
958
845
760
144
14
918
416
449
541
937
104
11
853
550
322
261
679
509
64
512
32
1
1
13
1003
138
144
1
1
8
886
925
266
99
18
1006
138
32
43
244
1
768
292
763
220
1020
948
735
979
352
683
986
430
699
564
1022
461
657
853
930
350
859
598
779
155
612
993
462
274
800
705
992
964
340
820
674
833
957
359
884
870
964
521
616
878
901
109
942
609
962
949
78
846
829
806
913
79
823
897
930
683
263
141
599
286
966
339
475
815
531
724
939
332
872
414
615
862
749
26
596
838
88
334
876
673
528
500
962
954
692
313
950
595
76
461
882
269
500
918
344
459
814
306
268
517
940
201
521
884
632
842
418
951
782
941
205
590
709
794
362
788
790
339
1
660
632
857
962
854
815
575
359
874
810
992
717
479
884
758
726
163
1006
435
299
742
804
832
790
279
234
712
842
988
866
930
387
928
565
62
1005
487
368
778
189
961
670
606
1023
854
909
696
218
800
470
252
917
957
116
980
296
736
600
187
609
918
198
193
797
889
973
902
673
993
945
666
645
483
907
252
546
646
965
968
1001
722
935
794
402
983
581
401
777
663
509
869
818
815
562
857
725
1001
994
166
523
529
1015
659
474
832
989
971
344
610
1000
1009
982
762
625
185
805
788
893
751
887
463
707
276
372
878
380
244
282
865
180
287
517
728
694
864
998
754
804
727
201
818
917
295
836
963
123
955
978
845
509
335
758
849
227
214
516
281
906
1008
802
644
881
465
685
620
534
780
271
603
902
897
175
445
397
619
268
935
948
218
657
946
1023
502
247
260
990
976
785
747
890
987
337
976
208
221
1017
979
442
684
461
567
347
599
241
898
906
854
998
997
495
725
709
987
700
576
793
885
274
949
475
768
920
643
943
624
355
857
1019
138
538
778
427
433
121
961
436
687
984
726
779
714
625
845
859
815
679
241
802
767
530
899
805
451
996
769
747
260
714
687
991
389
427
556
466
916
947
546
951
842
500
797
896
863
888
507
671
278
139
733
764
558
435
796
674
467
280
397
454
816
462
994
798
955
728
582
859
532
493
1012
921
568
503
746
591
803
703
267
328
803
856
876
993
849
924
730
750
611
723
519
575
592
79
242
785
880
827
35
904
923
680
964
361
600
433
973
757
987
514
523
913
1008
573
204
988
347
504
704
386
916
204
701
606
486
804
629
626
129
163
546
867
591
908
249
242
800
338
605
938
121
262
2
4
394
15
24
2
799
670
209
141
709
214
123
109
7
17
535
705
473
778
14
436
823
417
275
15
850
803
483
443
37
109
465
143
501
702
939
777
245
894
687
580
340
1011
378
637
587
685
67
760
828
209
31
28
945
277
198
209
181
792
483
124
11
992
106
105
9
137
63
152
58
6
29
9
4
6
22
40
125
95
4
108
36
17
12
246
41
126
30
12
110
11
124
71
120
130
43
47
40
52
74
8
1
50
111
341
318
301
256
33
397
290
391
494
327
22
673
798
568
531
116
568
95
137
179
551
19
902
516
263
763
887
780
984
528
989
479
645
749
343
899
1
486
839
919
943
497
943
732
610
995
803
60
245
415
754
25
694
199
33
986
754
239
669
780
148
564
856
329
956
84
540
48
1021
891
139
461
414
137
271
825
739
701
924
707
633
731
665
882
620
615
823
240
1015
985
610
787
805
535
296
672
197
623
858
534
1001
637
619
692
904
190
457
629
951
977
237
871
546
608
419
914
139
718
748
749
886
1009
1001
550
312
758
484
804
596
569
806
942
394
785
837
1004
803
609
909
234
935
560
1000
735
283
878
511
967
764
831
464
569
681
103
619
824
170
799
0
0
1001
142
579
437
347
709
382
352
541
0
438
302
379
587
894
398
377
443
350
504
563
155
900
440
625
793
931
885
783
183
739
429
582
512
1003
298
994
779
797
662
626
976
658
416
72
272
742
208
386
673
709
696
865
761
891
791
876
801
527
1003
907
157
535
705
772
810
401
755
780
984
921
239
786
1000
999
925
955
540
129
323
611
201
736
528
759
480
761
850
593
900
755
396
781
187
282
927
835
362
169
709
189
644
862
889
824
817
643
709
892
151
3
526
494
268
1014
766
370
947
258
480
144
923
565
334
264
889
999
602
626
623
971
391
884
316
375
532
382
744
788
881
524
321
360
837
459
1
936
743
991
259
710
1
738
549
695
325
470
526
956
847
521
980
825
630
706
432
548
559
907
344
91
88
656
580
340
195
241
232
366
130
253
799
275
45
489
430
852
897
927
923
593
822
359
885
964
883
1005
822
222
862
757
1010
246
824
163
238
137
194
235
894
369
655
84
534
148
0
122
32
109
147
17
221
88
256
241
5
67
45
756
240
532
59
836
81
342
169
216
397
644
152
828
422
123
101
69
461
136
24
213
55
157
93
1
180
99
84
141
69
70
118
30
0
4
8
29
54
16
9
75
9
18
7
142
230
14
199
142
259
68
39
166
86
192
119
290
0
36
118
46
27
909
594
1006
232
604
119
1012
697
310
832
119
857
94
210
848
58
858
140
69
931
96
426
103
279
90
46
226
66
15
129
25
212
29
34
122
111
108
87
10
100
114
56
26
130
147
2
63
100
149
75
2
112
55
40
117
10
2
56
7
2
99
5
168
13
87
19
70
235
19
18
255
0
269
121
316
162
118
44
69
73
27
93
50
94
285
202
193
109
95
0
3
15
129
153
118
164
68
53
221
27
219
95
363
8
22
17
19
363
109
3
10
675
137
109
161
90
100
139
156
47
33
62
163
17
36
227
0
296
311
621
776
319
349
741
434
310
642
148
712
268
778
56
49
467
683
205
198
160
21
75
122
951
208
482
335
207
33
184
278
241
496
280
228
306
121
438
248
532
650
372
315
363
51
410
127
156
237
221
33
42
153
2
7
181
158
23
588
154
199
85
329
30
20
59
44
770
118
404
238
818
855
562
403
990
26
44
33
184
919
389
728
658
490
830
874
1000
879
701
869
415
284
535
951
173
768
537
482
971
876
903
919
612
820
487
926
160
18
177
554
175
71
678
1003
692
122
412
196
8
19
166
593
687
132
521
233
170
59
9
55
9
67
39
87
16
49
9
10
121
8
15
184
73
59
92
60
165
14
148
54
73
55
77
21
191
200
23
10
105
171
116
121
96
68
62
118
93
7
171
46
14
76
65
78
64
4
93
76
49
39
80
38
0
51
12
54
8
52
81
49
73
80
66
18
63
25
67
46
34
50
37
2
39
114
59
65
51
32
76
0
62
50
21
4
55
58
37
14
6
3
84
4
7
60
66
208
32
239
94
42
13
2
39
87
53
97
43
40
96
48
1
155
109
27
190
112
42
95
397
116
818
647
240
46
47
121
222
16
23
805
30
152
35
210
26
271
126
38
275
40
153
134
115
16
26
0
24
42
15
10
13
8
6
22
12
9
26
28
195
26
330
45
62
8
71
147
331
137
76
6
142
241
569
446
583
605
576
62
615
971
808
560
396
310
824
688
252
871
632
173
379
224
343
271
597
602
303
344
264
825
916
481
540
624
104
7
983
287
759
129
605
223
0
649
387
138
101
286
154
105
83
12
392
212
257
766
326
54
11
17
629
199
379
585
256
316
117
214
77
29
242
239
212
186
194
96
569
667
846
727
977
690
282
289
738
166
983
194
437
142
116
206
400
169
212
204
128
138
127
34
99
6
5
32
2
79
5
17
36
268
194
7
8
392
238
652
165
53
381
94
260
53
192
107
124
71
146
25
131
9
83
78
303
64
75
111
14
4
91
133
51
48
9
65
7
54
166
13
33
74
72
97
76
48
244
238
130
231
44
5
10
2
3
42
13
59
148
90
236
80
86
39
206
72
28
182
62
36
76
15
2
55
54
217
107
3
26
48
30
57
8
9
24
6
5
34
12
10
23
44
11
35
26
15
70
6
54
33
20
3
32
18
24
11
29
43
35
31
7
47
30
19
4
23
5
16
23
8
37
16
46
41
23
5
59
37
7
10
22
14
13
15
8
10
5
6
33
17
48
28
25
13
9
13
9
20
9
11
11
14
20
12
48
64
31
15
6
5
32
7
25
4
12
65
33
22
66
26
42
41
8
591
578
480
341
536
775
772
844
801
877
555
547
187
1005
74
88
612
59
6
8
22
6
6
5
3
1
50
106
117
55
74
30
96
41
17
13
81
39
0
24
18
82
63
4
55
48
18
10
10
16
1
196
220
138
41
43
248
58
77
30
10
922
164
92
94
26
121
108
61
65
103
6
6
113
17
115
19
188
77
140
994
454
380
374
384
662
1
664
477
582
491
695
789
419
624
875
822
596
849
605
871
782
983
966
413
110
0
128
711
339
180
26
250
0
0
879
896
509
527
398
324
991
543
120
512
137
391
177
26
454
1
785
726
94
28
75
458
29
189
605
187
0
125
243
196
410
737
471
742
